{
 "cells": [
  {
   "cell_type": "code",
   "execution_count": 68,
   "metadata": {},
   "outputs": [],
   "source": [
    "import numpy as np"
   ]
  },
  {
   "cell_type": "markdown",
   "metadata": {},
   "source": [
    "# 1. Policy Iteration\n",
    "## 1.1 Policy Evaluation"
   ]
  },
  {
   "cell_type": "code",
   "execution_count": 77,
   "metadata": {},
   "outputs": [],
   "source": [
    "def get_state(state, action):\n",
    "    \n",
    "    action_grid = [(-1, 0), (1, 0), (0, -1), (0, 1)]\n",
    "    \n",
    "    state[0]+=action_grid[action][0]\n",
    "    state[1]+=action_grid[action][1]\n",
    "    \n",
    "    if state[0] < 0 :\n",
    "        state[0] = 0\n",
    "    elif state[0] > 3 :\n",
    "        state[0] = 3\n",
    "    \n",
    "    if state[1] < 0 :\n",
    "        state[1] = 0\n",
    "    elif state[1] > 3 :\n",
    "        state[1] = 3\n",
    "    \n",
    "    return state[0], state[1]\n",
    "\n",
    "def policy_evaluation(grid_width, grid_height, action, policy, iter_num, reward=-1, dis=1):\n",
    "    \n",
    "    # table initialize\n",
    "    cur_value_table = np.zeros([grid_height, grid_width], dtype=float)\n",
    "    \n",
    "    # iteration\n",
    "    if iter_num == 0:\n",
    "        print(f'Iteration: {iter_num} \\n{cur_value_table}\\n')\n",
    "        return cur_value_table\n",
    "    \n",
    "    for iteration in range(iter_num):\n",
    "        next_value_table = np.zeros([grid_height, grid_width], dtype=float)\n",
    "        for i in range(grid_height):\n",
    "            for j in range(grid_width):\n",
    "                if i == j and ((i == 0) or (i == 3)):\n",
    "                    value_t = 0\n",
    "                else :\n",
    "                    value_t = 0\n",
    "                    for act in action:\n",
    "                        i_, j_ = get_state([i,j], act)\n",
    "                        value = policy[i][j][act] * (reward + dis*cur_value_table[i_][j_])\n",
    "                        value_t += value\n",
    "                next_value_table[i][j] = round(value_t, 1)\n",
    "        print()\n",
    "        print(f'cur_value_table: {cur_value_table}')\n",
    "        print(f'next_value_talbe: {next_value_table}')\n",
    "        print()\n",
    "                \n",
    "        iteration += 1\n",
    "        \n",
    "        # print result\n",
    "        if (iteration % 10) != iter_num:\n",
    "            if iteration > 100:\n",
    "                if (iteration % 20) == 0:\n",
    "                    print(f'Iteration: {iteration} \\n{next_value_table}\\n')\n",
    "            else:\n",
    "                if (iteration % 10) == 0:\n",
    "                    print(f'Iteration: {iteration} \\n{next_value_table}\\n')\n",
    "        else:\n",
    "            print(f'Iteration: {iteration} \\n{next_value_table}\\n')\n",
    "        \n",
    "        cur_value_table = next_value_table\n",
    "        \n",
    "    return next_value_table"
   ]
  },
  {
   "cell_type": "code",
   "execution_count": 79,
   "metadata": {},
   "outputs": [],
   "source": [
    "# env setting\n",
    "\n",
    "grid_height, grid_width = 4, 4\n",
    "\n",
    "action = [0, 1, 2, 3] # up, down, left, right\n",
    "\n",
    "\n",
    "def reset_policy(grid_height, grid_width, action):\n",
    "    policy = np.empty([grid_height, grid_width, len(action)], dtype=float)\n",
    "    for i in range(grid_height):\n",
    "        for j in range(grid_width):\n",
    "            for k in range(len(action)):\n",
    "                if i==j and ((i==0) or (i==3)):\n",
    "                    policy[i][j]=0.00\n",
    "                else :\n",
    "                    policy[i][j]=0.25\n",
    "    policy[0][0] = [0] * grid_width\n",
    "    policy[3][3] = [0] * grid_width\n",
    "    return policy\n",
    "\n",
    "policy = reset_policy(grid_height, grid_width, action)"
   ]
  },
  {
   "cell_type": "code",
   "execution_count": 71,
   "metadata": {},
   "outputs": [
    {
     "name": "stdout",
     "output_type": "stream",
     "text": [
      "\n",
      "cur_value_table: [[0. 0. 0. 0.]\n",
      " [0. 0. 0. 0.]\n",
      " [0. 0. 0. 0.]\n",
      " [0. 0. 0. 0.]]\n",
      "next_value_talbe: [[ 0. -1. -1. -1.]\n",
      " [-1. -1. -1. -1.]\n",
      " [-1. -1. -1. -1.]\n",
      " [-1. -1. -1.  0.]]\n",
      "\n",
      "\n",
      "cur_value_table: [[ 0. -1. -1. -1.]\n",
      " [-1. -1. -1. -1.]\n",
      " [-1. -1. -1. -1.]\n",
      " [-1. -1. -1.  0.]]\n",
      "next_value_talbe: [[ 0.  -1.8 -2.  -2. ]\n",
      " [-1.8 -2.  -2.  -2. ]\n",
      " [-2.  -2.  -2.  -1.8]\n",
      " [-2.  -2.  -1.8  0. ]]\n",
      "\n",
      "\n",
      "cur_value_table: [[ 0.  -1.8 -2.  -2. ]\n",
      " [-1.8 -2.  -2.  -2. ]\n",
      " [-2.  -2.  -2.  -1.8]\n",
      " [-2.  -2.  -1.8  0. ]]\n",
      "next_value_talbe: [[ 0.  -2.4 -3.  -3. ]\n",
      " [-2.4 -2.9 -3.  -3. ]\n",
      " [-3.  -3.  -2.9 -2.4]\n",
      " [-3.  -3.  -2.4  0. ]]\n",
      "\n",
      "\n",
      "cur_value_table: [[ 0.  -2.4 -3.  -3. ]\n",
      " [-2.4 -2.9 -3.  -3. ]\n",
      " [-3.  -3.  -2.9 -2.4]\n",
      " [-3.  -3.  -2.4  0. ]]\n",
      "next_value_talbe: [[ 0.  -3.1 -3.8 -4. ]\n",
      " [-3.1 -3.7 -4.  -3.8]\n",
      " [-3.8 -4.  -3.7 -3.1]\n",
      " [-4.  -3.8 -3.1  0. ]]\n",
      "\n",
      "\n",
      "cur_value_table: [[ 0.  -3.1 -3.8 -4. ]\n",
      " [-3.1 -3.7 -4.  -3.8]\n",
      " [-3.8 -4.  -3.7 -3.1]\n",
      " [-4.  -3.8 -3.1  0. ]]\n",
      "next_value_talbe: [[ 0.  -3.6 -4.7 -4.9]\n",
      " [-3.6 -4.6 -4.8 -4.7]\n",
      " [-4.7 -4.8 -4.6 -3.6]\n",
      " [-4.9 -4.7 -3.6  0. ]]\n",
      "\n",
      "\n",
      "cur_value_table: [[ 0.  -3.6 -4.7 -4.9]\n",
      " [-3.6 -4.6 -4.8 -4.7]\n",
      " [-4.7 -4.8 -4.6 -3.6]\n",
      " [-4.9 -4.7 -3.6  0. ]]\n",
      "next_value_talbe: [[ 0.  -4.2 -5.5 -5.8]\n",
      " [-4.2 -5.2 -5.6 -5.5]\n",
      " [-5.5 -5.6 -5.2 -4.2]\n",
      " [-5.8 -5.5 -4.2  0. ]]\n",
      "\n",
      "\n",
      "cur_value_table: [[ 0.  -4.2 -5.5 -5.8]\n",
      " [-4.2 -5.2 -5.6 -5.5]\n",
      " [-5.5 -5.6 -5.2 -4.2]\n",
      " [-5.8 -5.5 -4.2  0. ]]\n",
      "next_value_talbe: [[ 0.  -4.7 -6.3 -6.6]\n",
      " [-4.7 -5.9 -6.4 -6.3]\n",
      " [-6.3 -6.4 -5.9 -4.7]\n",
      " [-6.6 -6.3 -4.7  0. ]]\n",
      "\n",
      "\n",
      "cur_value_table: [[ 0.  -4.7 -6.3 -6.6]\n",
      " [-4.7 -5.9 -6.4 -6.3]\n",
      " [-6.3 -6.4 -5.9 -4.7]\n",
      " [-6.6 -6.3 -4.7  0. ]]\n",
      "next_value_talbe: [[ 0.  -5.2 -7.  -7.4]\n",
      " [-5.2 -6.6 -7.1 -7. ]\n",
      " [-7.  -7.1 -6.6 -5.2]\n",
      " [-7.4 -7.  -5.2  0. ]]\n",
      "\n",
      "\n",
      "cur_value_table: [[ 0.  -5.2 -7.  -7.4]\n",
      " [-5.2 -6.6 -7.1 -7. ]\n",
      " [-7.  -7.1 -6.6 -5.2]\n",
      " [-7.4 -7.  -5.2  0. ]]\n",
      "next_value_talbe: [[ 0.  -5.7 -7.7 -8.2]\n",
      " [-5.7 -7.2 -7.8 -7.7]\n",
      " [-7.7 -7.8 -7.2 -5.7]\n",
      " [-8.2 -7.7 -5.7  0. ]]\n",
      "\n",
      "\n",
      "cur_value_table: [[ 0.  -5.7 -7.7 -8.2]\n",
      " [-5.7 -7.2 -7.8 -7.7]\n",
      " [-7.7 -7.8 -7.2 -5.7]\n",
      " [-8.2 -7.7 -5.7  0. ]]\n",
      "next_value_talbe: [[ 0.  -6.1 -8.4 -9. ]\n",
      " [-6.1 -7.8 -8.4 -8.4]\n",
      " [-8.4 -8.4 -7.8 -6.1]\n",
      " [-9.  -8.4 -6.1  0. ]]\n",
      "\n",
      "Iteration: 10 \n",
      "[[ 0.  -6.1 -8.4 -9. ]\n",
      " [-6.1 -7.8 -8.4 -8.4]\n",
      " [-8.4 -8.4 -7.8 -6.1]\n",
      " [-9.  -8.4 -6.1  0. ]]\n",
      "\n",
      "\n",
      "cur_value_table: [[ 0.  -6.1 -8.4 -9. ]\n",
      " [-6.1 -7.8 -8.4 -8.4]\n",
      " [-8.4 -8.4 -7.8 -6.1]\n",
      " [-9.  -8.4 -6.1  0. ]]\n",
      "next_value_talbe: [[ 0.  -6.6 -9.  -9.7]\n",
      " [-6.6 -8.2 -9.1 -9. ]\n",
      " [-9.  -9.1 -8.2 -6.6]\n",
      " [-9.7 -9.  -6.6  0. ]]\n",
      "\n",
      "\n",
      "cur_value_table: [[ 0.  -6.6 -9.  -9.7]\n",
      " [-6.6 -8.2 -9.1 -9. ]\n",
      " [-9.  -9.1 -8.2 -6.6]\n",
      " [-9.7 -9.  -6.6  0. ]]\n",
      "next_value_talbe: [[  0.   -7.   -9.6 -10.4]\n",
      " [ -7.   -8.8  -9.6  -9.6]\n",
      " [ -9.6  -9.6  -8.8  -7. ]\n",
      " [-10.4  -9.6  -7.    0. ]]\n",
      "\n",
      "\n",
      "cur_value_table: [[  0.   -7.   -9.6 -10.4]\n",
      " [ -7.   -8.8  -9.6  -9.6]\n",
      " [ -9.6  -9.6  -8.8  -7. ]\n",
      " [-10.4  -9.6  -7.    0. ]]\n",
      "next_value_talbe: [[  0.   -7.4 -10.2 -11. ]\n",
      " [ -7.4  -9.3 -10.2 -10.2]\n",
      " [-10.2 -10.2  -9.3  -7.4]\n",
      " [-11.  -10.2  -7.4   0. ]]\n",
      "\n",
      "\n",
      "cur_value_table: [[  0.   -7.4 -10.2 -11. ]\n",
      " [ -7.4  -9.3 -10.2 -10.2]\n",
      " [-10.2 -10.2  -9.3  -7.4]\n",
      " [-11.  -10.2  -7.4   0. ]]\n",
      "next_value_talbe: [[  0.   -7.7 -10.7 -11.6]\n",
      " [ -7.7  -9.8 -10.8 -10.7]\n",
      " [-10.7 -10.8  -9.8  -7.7]\n",
      " [-11.6 -10.7  -7.7   0. ]]\n",
      "\n",
      "\n",
      "cur_value_table: [[  0.   -7.7 -10.7 -11.6]\n",
      " [ -7.7  -9.8 -10.8 -10.7]\n",
      " [-10.7 -10.8  -9.8  -7.7]\n",
      " [-11.6 -10.7  -7.7   0. ]]\n",
      "next_value_talbe: [[  0.   -8.  -11.2 -12.2]\n",
      " [ -8.  -10.2 -11.2 -11.2]\n",
      " [-11.2 -11.2 -10.2  -8. ]\n",
      " [-12.1 -11.2  -8.    0. ]]\n",
      "\n",
      "\n",
      "cur_value_table: [[  0.   -8.  -11.2 -12.2]\n",
      " [ -8.  -10.2 -11.2 -11.2]\n",
      " [-11.2 -11.2 -10.2  -8. ]\n",
      " [-12.1 -11.2  -8.    0. ]]\n",
      "next_value_talbe: [[  0.   -8.4 -11.6 -12.7]\n",
      " [ -8.4 -10.6 -11.7 -11.6]\n",
      " [-11.6 -11.7 -10.6  -8.4]\n",
      " [-12.6 -11.6  -8.4   0. ]]\n",
      "\n",
      "\n",
      "cur_value_table: [[  0.   -8.4 -11.6 -12.7]\n",
      " [ -8.4 -10.6 -11.7 -11.6]\n",
      " [-11.6 -11.7 -10.6  -8.4]\n",
      " [-12.6 -11.6  -8.4   0. ]]\n",
      "next_value_talbe: [[  0.   -8.6 -12.1 -13.2]\n",
      " [ -8.6 -11.  -12.1 -12.1]\n",
      " [-12.1 -12.1 -11.   -8.6]\n",
      " [-13.1 -12.1  -8.6   0. ]]\n",
      "\n",
      "\n",
      "cur_value_table: [[  0.   -8.6 -12.1 -13.2]\n",
      " [ -8.6 -11.  -12.1 -12.1]\n",
      " [-12.1 -12.1 -11.   -8.6]\n",
      " [-13.1 -12.1  -8.6   0. ]]\n",
      "next_value_talbe: [[  0.   -8.9 -12.5 -13.6]\n",
      " [ -8.9 -11.4 -12.6 -12.5]\n",
      " [-12.5 -12.6 -11.4  -8.9]\n",
      " [-13.6 -12.5  -8.9   0. ]]\n",
      "\n",
      "\n",
      "cur_value_table: [[  0.   -8.9 -12.5 -13.6]\n",
      " [ -8.9 -11.4 -12.6 -12.5]\n",
      " [-12.5 -12.6 -11.4  -8.9]\n",
      " [-13.6 -12.5  -8.9   0. ]]\n",
      "next_value_talbe: [[  0.   -9.2 -12.9 -14. ]\n",
      " [ -9.2 -11.8 -13.  -12.9]\n",
      " [-12.9 -13.  -11.8  -9.2]\n",
      " [-14.  -12.9  -9.2   0. ]]\n",
      "\n",
      "\n",
      "cur_value_table: [[  0.   -9.2 -12.9 -14. ]\n",
      " [ -9.2 -11.8 -13.  -12.9]\n",
      " [-12.9 -13.  -11.8  -9.2]\n",
      " [-14.  -12.9  -9.2   0. ]]\n",
      "next_value_talbe: [[  0.   -9.5 -13.3 -14.4]\n",
      " [ -9.5 -12.1 -13.4 -13.3]\n",
      " [-13.3 -13.4 -12.1  -9.5]\n",
      " [-14.4 -13.3  -9.5   0. ]]\n",
      "\n",
      "Iteration: 20 \n",
      "[[  0.   -9.5 -13.3 -14.4]\n",
      " [ -9.5 -12.1 -13.4 -13.3]\n",
      " [-13.3 -13.4 -12.1  -9.5]\n",
      " [-14.4 -13.3  -9.5   0. ]]\n",
      "\n",
      "\n",
      "cur_value_table: [[  0.   -9.5 -13.3 -14.4]\n",
      " [ -9.5 -12.1 -13.4 -13.3]\n",
      " [-13.3 -13.4 -12.1  -9.5]\n",
      " [-14.4 -13.3  -9.5   0. ]]\n",
      "next_value_talbe: [[  0.   -9.7 -13.6 -14.8]\n",
      " [ -9.7 -12.4 -13.7 -13.6]\n",
      " [-13.6 -13.7 -12.4  -9.7]\n",
      " [-14.8 -13.6  -9.7   0. ]]\n",
      "\n",
      "\n",
      "cur_value_table: [[  0.   -9.7 -13.6 -14.8]\n",
      " [ -9.7 -12.4 -13.7 -13.6]\n",
      " [-13.6 -13.7 -12.4  -9.7]\n",
      " [-14.8 -13.6  -9.7   0. ]]\n",
      "next_value_talbe: [[  0.   -9.9 -14.  -15.2]\n",
      " [ -9.9 -12.7 -14.  -14. ]\n",
      " [-14.  -14.  -12.7  -9.9]\n",
      " [-15.2 -14.   -9.9   0. ]]\n",
      "\n",
      "\n",
      "cur_value_table: [[  0.   -9.9 -14.  -15.2]\n",
      " [ -9.9 -12.7 -14.  -14. ]\n",
      " [-14.  -14.  -12.7  -9.9]\n",
      " [-15.2 -14.   -9.9   0. ]]\n",
      "next_value_talbe: [[  0.  -10.2 -14.3 -15.6]\n",
      " [-10.1 -13.  -14.4 -14.3]\n",
      " [-14.3 -14.4 -13.  -10.2]\n",
      " [-15.6 -14.3 -10.2   0. ]]\n",
      "\n",
      "\n",
      "cur_value_table: [[  0.  -10.2 -14.3 -15.6]\n",
      " [-10.1 -13.  -14.4 -14.3]\n",
      " [-14.3 -14.4 -13.  -10.2]\n",
      " [-15.6 -14.3 -10.2   0. ]]\n",
      "next_value_talbe: [[  0.  -10.4 -14.6 -16. ]\n",
      " [-10.4 -13.3 -14.6 -14.6]\n",
      " [-14.6 -14.6 -13.3 -10.4]\n",
      " [-16.  -14.6 -10.4   0. ]]\n",
      "\n",
      "\n",
      "cur_value_table: [[  0.  -10.4 -14.6 -16. ]\n",
      " [-10.4 -13.3 -14.6 -14.6]\n",
      " [-14.6 -14.6 -13.3 -10.4]\n",
      " [-16.  -14.6 -10.4   0. ]]\n",
      "next_value_talbe: [[  0.  -10.6 -14.9 -16.3]\n",
      " [-10.6 -13.5 -15.  -14.9]\n",
      " [-14.9 -15.  -13.5 -10.6]\n",
      " [-16.3 -14.9 -10.6   0. ]]\n",
      "\n",
      "\n",
      "cur_value_table: [[  0.  -10.6 -14.9 -16.3]\n",
      " [-10.6 -13.5 -15.  -14.9]\n",
      " [-14.9 -15.  -13.5 -10.6]\n",
      " [-16.3 -14.9 -10.6   0. ]]\n",
      "next_value_talbe: [[  0.  -10.8 -15.2 -16.6]\n",
      " [-10.8 -13.8 -15.2 -15.2]\n",
      " [-15.2 -15.2 -13.8 -10.8]\n",
      " [-16.6 -15.2 -10.8   0. ]]\n",
      "\n",
      "\n",
      "cur_value_table: [[  0.  -10.8 -15.2 -16.6]\n",
      " [-10.8 -13.8 -15.2 -15.2]\n",
      " [-15.2 -15.2 -13.8 -10.8]\n",
      " [-16.6 -15.2 -10.8   0. ]]\n",
      "next_value_talbe: [[  0.  -11.  -15.4 -16.9]\n",
      " [-11.  -14.  -15.5 -15.4]\n",
      " [-15.4 -15.5 -14.  -11. ]\n",
      " [-16.9 -15.4 -11.    0. ]]\n",
      "\n",
      "\n",
      "cur_value_table: [[  0.  -11.  -15.4 -16.9]\n",
      " [-11.  -14.  -15.5 -15.4]\n",
      " [-15.4 -15.5 -14.  -11. ]\n",
      " [-16.9 -15.4 -11.    0. ]]\n",
      "next_value_talbe: [[  0.  -11.1 -15.7 -17.2]\n",
      " [-11.1 -14.2 -15.7 -15.7]\n",
      " [-15.7 -15.7 -14.2 -11.1]\n",
      " [-17.2 -15.7 -11.1   0. ]]\n",
      "\n",
      "\n",
      "cur_value_table: [[  0.  -11.1 -15.7 -17.2]\n",
      " [-11.1 -14.2 -15.7 -15.7]\n",
      " [-15.7 -15.7 -14.2 -11.1]\n",
      " [-17.2 -15.7 -11.1   0. ]]\n",
      "next_value_talbe: [[  0.  -11.2 -15.9 -17.4]\n",
      " [-11.2 -14.4 -16.  -15.9]\n",
      " [-15.9 -16.  -14.4 -11.2]\n",
      " [-17.4 -15.9 -11.2   0. ]]\n",
      "\n",
      "\n",
      "cur_value_table: [[  0.  -11.2 -15.9 -17.4]\n",
      " [-11.2 -14.4 -16.  -15.9]\n",
      " [-15.9 -16.  -14.4 -11.2]\n",
      " [-17.4 -15.9 -11.2   0. ]]\n",
      "next_value_talbe: [[  0.  -11.4 -16.1 -17.6]\n",
      " [-11.4 -14.6 -16.2 -16.1]\n",
      " [-16.1 -16.2 -14.6 -11.4]\n",
      " [-17.6 -16.1 -11.4   0. ]]\n",
      "\n",
      "Iteration: 30 \n",
      "[[  0.  -11.4 -16.1 -17.6]\n",
      " [-11.4 -14.6 -16.2 -16.1]\n",
      " [-16.1 -16.2 -14.6 -11.4]\n",
      " [-17.6 -16.1 -11.4   0. ]]\n",
      "\n",
      "\n",
      "cur_value_table: [[  0.  -11.4 -16.1 -17.6]\n",
      " [-11.4 -14.6 -16.2 -16.1]\n",
      " [-16.1 -16.2 -14.6 -11.4]\n",
      " [-17.6 -16.1 -11.4   0. ]]\n",
      "next_value_talbe: [[  0.  -11.5 -16.3 -17.8]\n",
      " [-11.5 -14.8 -16.4 -16.3]\n",
      " [-16.3 -16.4 -14.8 -11.5]\n",
      " [-17.8 -16.3 -11.5   0. ]]\n",
      "\n",
      "\n",
      "cur_value_table: [[  0.  -11.5 -16.3 -17.8]\n",
      " [-11.5 -14.8 -16.4 -16.3]\n",
      " [-16.3 -16.4 -14.8 -11.5]\n",
      " [-17.8 -16.3 -11.5   0. ]]\n",
      "next_value_talbe: [[  0.  -11.6 -16.5 -18. ]\n",
      " [-11.6 -15.  -16.6 -16.5]\n",
      " [-16.5 -16.6 -15.  -11.6]\n",
      " [-18.  -16.5 -11.6   0. ]]\n",
      "\n",
      "\n",
      "cur_value_table: [[  0.  -11.6 -16.5 -18. ]\n",
      " [-11.6 -15.  -16.6 -16.5]\n",
      " [-16.5 -16.6 -15.  -11.6]\n",
      " [-18.  -16.5 -11.6   0. ]]\n",
      "next_value_talbe: [[  0.  -11.8 -16.7 -18.2]\n",
      " [-11.8 -15.1 -16.8 -16.7]\n",
      " [-16.7 -16.8 -15.1 -11.8]\n",
      " [-18.2 -16.7 -11.8   0. ]]\n",
      "\n",
      "\n",
      "cur_value_table: [[  0.  -11.8 -16.7 -18.2]\n",
      " [-11.8 -15.1 -16.8 -16.7]\n",
      " [-16.7 -16.8 -15.1 -11.8]\n",
      " [-18.2 -16.7 -11.8   0. ]]\n",
      "next_value_talbe: [[  0.  -11.9 -16.9 -18.4]\n",
      " [-11.9 -15.3 -16.9 -16.9]\n",
      " [-16.9 -16.9 -15.3 -11.9]\n",
      " [-18.4 -16.9 -11.9   0. ]]\n",
      "\n",
      "\n",
      "cur_value_table: [[  0.  -11.9 -16.9 -18.4]\n",
      " [-11.9 -15.3 -16.9 -16.9]\n",
      " [-16.9 -16.9 -15.3 -11.9]\n",
      " [-18.4 -16.9 -11.9   0. ]]\n",
      "next_value_talbe: [[  0.  -12.  -17.  -18.6]\n",
      " [-12.  -15.4 -17.1 -17. ]\n",
      " [-17.  -17.1 -15.4 -12. ]\n",
      " [-18.6 -17.  -12.    0. ]]\n",
      "\n",
      "\n",
      "cur_value_table: [[  0.  -12.  -17.  -18.6]\n",
      " [-12.  -15.4 -17.1 -17. ]\n",
      " [-17.  -17.1 -15.4 -12. ]\n",
      " [-18.6 -17.  -12.    0. ]]\n",
      "next_value_talbe: [[  0.  -12.1 -17.2 -18.8]\n",
      " [-12.1 -15.6 -17.2 -17.2]\n",
      " [-17.2 -17.2 -15.6 -12.1]\n",
      " [-18.8 -17.2 -12.1   0. ]]\n",
      "\n",
      "\n",
      "cur_value_table: [[  0.  -12.1 -17.2 -18.8]\n",
      " [-12.1 -15.6 -17.2 -17.2]\n",
      " [-17.2 -17.2 -15.6 -12.1]\n",
      " [-18.8 -17.2 -12.1   0. ]]\n",
      "next_value_talbe: [[  0.  -12.2 -17.3 -19. ]\n",
      " [-12.2 -15.6 -17.4 -17.3]\n",
      " [-17.3 -17.4 -15.6 -12.2]\n",
      " [-19.  -17.3 -12.2   0. ]]\n",
      "\n",
      "\n",
      "cur_value_table: [[  0.  -12.2 -17.3 -19. ]\n",
      " [-12.2 -15.6 -17.4 -17.3]\n",
      " [-17.3 -17.4 -15.6 -12.2]\n",
      " [-19.  -17.3 -12.2   0. ]]\n",
      "next_value_talbe: [[  0.  -12.3 -17.5 -19.2]\n",
      " [-12.3 -15.8 -17.5 -17.5]\n",
      " [-17.5 -17.5 -15.8 -12.3]\n",
      " [-19.2 -17.5 -12.3   0. ]]\n",
      "\n",
      "\n",
      "cur_value_table: [[  0.  -12.3 -17.5 -19.2]\n",
      " [-12.3 -15.8 -17.5 -17.5]\n",
      " [-17.5 -17.5 -15.8 -12.3]\n",
      " [-19.2 -17.5 -12.3   0. ]]\n",
      "next_value_talbe: [[  0.  -12.4 -17.6 -19.4]\n",
      " [-12.4 -15.9 -17.6 -17.6]\n",
      " [-17.6 -17.6 -15.9 -12.4]\n",
      " [-19.4 -17.6 -12.4   0. ]]\n",
      "\n",
      "\n",
      "cur_value_table: [[  0.  -12.4 -17.6 -19.4]\n",
      " [-12.4 -15.9 -17.6 -17.6]\n",
      " [-17.6 -17.6 -15.9 -12.4]\n",
      " [-19.4 -17.6 -12.4   0. ]]\n",
      "next_value_talbe: [[  0.  -12.5 -17.8 -19.5]\n",
      " [-12.5 -16.  -17.8 -17.8]\n",
      " [-17.8 -17.8 -16.  -12.5]\n",
      " [-19.5 -17.8 -12.5   0. ]]\n",
      "\n",
      "Iteration: 40 \n",
      "[[  0.  -12.5 -17.8 -19.5]\n",
      " [-12.5 -16.  -17.8 -17.8]\n",
      " [-17.8 -17.8 -16.  -12.5]\n",
      " [-19.5 -17.8 -12.5   0. ]]\n",
      "\n",
      "\n",
      "cur_value_table: [[  0.  -12.5 -17.8 -19.5]\n",
      " [-12.5 -16.  -17.8 -17.8]\n",
      " [-17.8 -17.8 -16.  -12.5]\n",
      " [-19.5 -17.8 -12.5   0. ]]\n",
      "next_value_talbe: [[  0.  -12.6 -17.9 -19.6]\n",
      " [-12.6 -16.2 -17.9 -17.9]\n",
      " [-17.9 -17.9 -16.2 -12.6]\n",
      " [-19.6 -17.9 -12.6   0. ]]\n",
      "\n",
      "\n",
      "cur_value_table: [[  0.  -12.6 -17.9 -19.6]\n",
      " [-12.6 -16.2 -17.9 -17.9]\n",
      " [-17.9 -17.9 -16.2 -12.6]\n",
      " [-19.6 -17.9 -12.6   0. ]]\n",
      "next_value_talbe: [[  0.  -12.7 -18.  -19.8]\n",
      " [-12.7 -16.2 -18.  -18. ]\n",
      " [-18.  -18.  -16.2 -12.7]\n",
      " [-19.8 -18.  -12.7   0. ]]\n",
      "\n",
      "\n",
      "cur_value_table: [[  0.  -12.7 -18.  -19.8]\n",
      " [-12.7 -16.2 -18.  -18. ]\n",
      " [-18.  -18.  -16.2 -12.7]\n",
      " [-19.8 -18.  -12.7   0. ]]\n",
      "next_value_talbe: [[  0.  -12.7 -18.1 -19.9]\n",
      " [-12.7 -16.4 -18.1 -18.1]\n",
      " [-18.1 -18.1 -16.4 -12.7]\n",
      " [-19.9 -18.1 -12.7   0. ]]\n",
      "\n",
      "\n",
      "cur_value_table: [[  0.  -12.7 -18.1 -19.9]\n",
      " [-12.7 -16.4 -18.1 -18.1]\n",
      " [-18.1 -18.1 -16.4 -12.7]\n",
      " [-19.9 -18.1 -12.7   0. ]]\n",
      "next_value_talbe: [[  0.  -12.8 -18.2 -20. ]\n",
      " [-12.8 -16.4 -18.2 -18.2]\n",
      " [-18.2 -18.2 -16.4 -12.8]\n",
      " [-20.  -18.2 -12.8   0. ]]\n",
      "\n",
      "\n",
      "cur_value_table: [[  0.  -12.8 -18.2 -20. ]\n",
      " [-12.8 -16.4 -18.2 -18.2]\n",
      " [-18.2 -18.2 -16.4 -12.8]\n",
      " [-20.  -18.2 -12.8   0. ]]\n",
      "next_value_talbe: [[  0.  -12.8 -18.3 -20.1]\n",
      " [-12.8 -16.5 -18.3 -18.3]\n",
      " [-18.3 -18.3 -16.5 -12.8]\n",
      " [-20.1 -18.3 -12.8   0. ]]\n",
      "\n",
      "\n",
      "cur_value_table: [[  0.  -12.8 -18.3 -20.1]\n",
      " [-12.8 -16.5 -18.3 -18.3]\n",
      " [-18.3 -18.3 -16.5 -12.8]\n",
      " [-20.1 -18.3 -12.8   0. ]]\n",
      "next_value_talbe: [[  0.  -12.9 -18.4 -20.2]\n",
      " [-12.9 -16.6 -18.4 -18.4]\n",
      " [-18.4 -18.4 -16.6 -12.9]\n",
      " [-20.2 -18.4 -12.9   0. ]]\n",
      "\n",
      "\n",
      "cur_value_table: [[  0.  -12.9 -18.4 -20.2]\n",
      " [-12.9 -16.6 -18.4 -18.4]\n",
      " [-18.4 -18.4 -16.6 -12.9]\n",
      " [-20.2 -18.4 -12.9   0. ]]\n",
      "next_value_talbe: [[  0.  -13.  -18.5 -20.3]\n",
      " [-13.  -16.6 -18.5 -18.5]\n",
      " [-18.5 -18.5 -16.6 -13. ]\n",
      " [-20.3 -18.5 -13.    0. ]]\n",
      "\n",
      "\n",
      "cur_value_table: [[  0.  -13.  -18.5 -20.3]\n",
      " [-13.  -16.6 -18.5 -18.5]\n",
      " [-18.5 -18.5 -16.6 -13. ]\n",
      " [-20.3 -18.5 -13.    0. ]]\n",
      "next_value_talbe: [[  0.  -13.  -18.6 -20.4]\n",
      " [-13.  -16.8 -18.6 -18.6]\n",
      " [-18.6 -18.6 -16.8 -13. ]\n",
      " [-20.4 -18.6 -13.    0. ]]\n",
      "\n",
      "\n",
      "cur_value_table: [[  0.  -13.  -18.6 -20.4]\n",
      " [-13.  -16.8 -18.6 -18.6]\n",
      " [-18.6 -18.6 -16.8 -13. ]\n",
      " [-20.4 -18.6 -13.    0. ]]\n",
      "next_value_talbe: [[  0.  -13.1 -18.6 -20.5]\n",
      " [-13.1 -16.8 -18.7 -18.6]\n",
      " [-18.6 -18.7 -16.8 -13.1]\n",
      " [-20.5 -18.6 -13.1   0. ]]\n",
      "\n",
      "\n",
      "cur_value_table: [[  0.  -13.1 -18.6 -20.5]\n",
      " [-13.1 -16.8 -18.7 -18.6]\n",
      " [-18.6 -18.7 -16.8 -13.1]\n",
      " [-20.5 -18.6 -13.1   0. ]]\n",
      "next_value_talbe: [[  0.  -13.1 -18.7 -20.6]\n",
      " [-13.1 -16.9 -18.7 -18.7]\n",
      " [-18.7 -18.7 -16.9 -13.1]\n",
      " [-20.6 -18.7 -13.1   0. ]]\n",
      "\n",
      "Iteration: 50 \n",
      "[[  0.  -13.1 -18.7 -20.6]\n",
      " [-13.1 -16.9 -18.7 -18.7]\n",
      " [-18.7 -18.7 -16.9 -13.1]\n",
      " [-20.6 -18.7 -13.1   0. ]]\n",
      "\n",
      "\n",
      "cur_value_table: [[  0.  -13.1 -18.7 -20.6]\n",
      " [-13.1 -16.9 -18.7 -18.7]\n",
      " [-18.7 -18.7 -16.9 -13.1]\n",
      " [-20.6 -18.7 -13.1   0. ]]\n",
      "next_value_talbe: [[  0.  -13.2 -18.8 -20.6]\n",
      " [-13.2 -16.9 -18.8 -18.8]\n",
      " [-18.8 -18.8 -16.9 -13.2]\n",
      " [-20.6 -18.8 -13.2   0. ]]\n",
      "\n",
      "\n",
      "cur_value_table: [[  0.  -13.2 -18.8 -20.6]\n",
      " [-13.2 -16.9 -18.8 -18.8]\n",
      " [-18.8 -18.8 -16.9 -13.2]\n",
      " [-20.6 -18.8 -13.2   0. ]]\n",
      "next_value_talbe: [[  0.  -13.2 -18.8 -20.7]\n",
      " [-13.2 -17.  -18.8 -18.8]\n",
      " [-18.8 -18.8 -17.  -13.2]\n",
      " [-20.7 -18.8 -13.2   0. ]]\n",
      "\n",
      "\n",
      "cur_value_table: [[  0.  -13.2 -18.8 -20.7]\n",
      " [-13.2 -17.  -18.8 -18.8]\n",
      " [-18.8 -18.8 -17.  -13.2]\n",
      " [-20.7 -18.8 -13.2   0. ]]\n",
      "next_value_talbe: [[  0.  -13.2 -18.9 -20.8]\n",
      " [-13.2 -17.  -18.9 -18.9]\n",
      " [-18.9 -18.9 -17.  -13.2]\n",
      " [-20.8 -18.9 -13.2   0. ]]\n",
      "\n",
      "\n",
      "cur_value_table: [[  0.  -13.2 -18.9 -20.8]\n",
      " [-13.2 -17.  -18.9 -18.9]\n",
      " [-18.9 -18.9 -17.  -13.2]\n",
      " [-20.8 -18.9 -13.2   0. ]]\n",
      "next_value_talbe: [[  0.  -13.3 -19.  -20.8]\n",
      " [-13.3 -17.  -19.  -19. ]\n",
      " [-19.  -19.  -17.  -13.3]\n",
      " [-20.8 -19.  -13.3   0. ]]\n",
      "\n",
      "\n",
      "cur_value_table: [[  0.  -13.3 -19.  -20.8]\n",
      " [-13.3 -17.  -19.  -19. ]\n",
      " [-19.  -19.  -17.  -13.3]\n",
      " [-20.8 -19.  -13.3   0. ]]\n",
      "next_value_talbe: [[  0.  -13.3 -19.  -20.9]\n",
      " [-13.3 -17.2 -19.  -19. ]\n",
      " [-19.  -19.  -17.2 -13.3]\n",
      " [-20.9 -19.  -13.3   0. ]]\n",
      "\n",
      "\n",
      "cur_value_table: [[  0.  -13.3 -19.  -20.9]\n",
      " [-13.3 -17.2 -19.  -19. ]\n",
      " [-19.  -19.  -17.2 -13.3]\n",
      " [-20.9 -19.  -13.3   0. ]]\n",
      "next_value_talbe: [[  0.  -13.4 -19.  -21. ]\n",
      " [-13.4 -17.2 -19.1 -19. ]\n",
      " [-19.  -19.1 -17.2 -13.4]\n",
      " [-21.  -19.  -13.4   0. ]]\n",
      "\n",
      "\n",
      "cur_value_table: [[  0.  -13.4 -19.  -21. ]\n",
      " [-13.4 -17.2 -19.1 -19. ]\n",
      " [-19.  -19.1 -17.2 -13.4]\n",
      " [-21.  -19.  -13.4   0. ]]\n",
      "next_value_talbe: [[  0.  -13.4 -19.1 -21. ]\n",
      " [-13.4 -17.2 -19.1 -19.1]\n",
      " [-19.1 -19.1 -17.2 -13.4]\n",
      " [-21.  -19.1 -13.4   0. ]]\n",
      "\n",
      "\n",
      "cur_value_table: [[  0.  -13.4 -19.1 -21. ]\n",
      " [-13.4 -17.2 -19.1 -19.1]\n",
      " [-19.1 -19.1 -17.2 -13.4]\n",
      " [-21.  -19.1 -13.4   0. ]]\n",
      "next_value_talbe: [[  0.  -13.4 -19.2 -21. ]\n",
      " [-13.4 -17.2 -19.2 -19.2]\n",
      " [-19.2 -19.2 -17.2 -13.4]\n",
      " [-21.  -19.2 -13.4   0. ]]\n",
      "\n",
      "\n",
      "cur_value_table: [[  0.  -13.4 -19.2 -21. ]\n",
      " [-13.4 -17.2 -19.2 -19.2]\n",
      " [-19.2 -19.2 -17.2 -13.4]\n",
      " [-21.  -19.2 -13.4   0. ]]\n",
      "next_value_talbe: [[  0.  -13.4 -19.2 -21.1]\n",
      " [-13.4 -17.3 -19.2 -19.2]\n",
      " [-19.2 -19.2 -17.3 -13.4]\n",
      " [-21.1 -19.2 -13.4   0. ]]\n",
      "\n",
      "\n",
      "cur_value_table: [[  0.  -13.4 -19.2 -21.1]\n",
      " [-13.4 -17.3 -19.2 -19.2]\n",
      " [-19.2 -19.2 -17.3 -13.4]\n",
      " [-21.1 -19.2 -13.4   0. ]]\n",
      "next_value_talbe: [[  0.  -13.5 -19.2 -21.2]\n",
      " [-13.5 -17.3 -19.2 -19.2]\n",
      " [-19.2 -19.2 -17.3 -13.5]\n",
      " [-21.2 -19.2 -13.5   0. ]]\n",
      "\n",
      "Iteration: 60 \n",
      "[[  0.  -13.5 -19.2 -21.2]\n",
      " [-13.5 -17.3 -19.2 -19.2]\n",
      " [-19.2 -19.2 -17.3 -13.5]\n",
      " [-21.2 -19.2 -13.5   0. ]]\n",
      "\n",
      "\n",
      "cur_value_table: [[  0.  -13.5 -19.2 -21.2]\n",
      " [-13.5 -17.3 -19.2 -19.2]\n",
      " [-19.2 -19.2 -17.3 -13.5]\n",
      " [-21.2 -19.2 -13.5   0. ]]\n",
      "next_value_talbe: [[  0.  -13.5 -19.3 -21.2]\n",
      " [-13.5 -17.4 -19.2 -19.3]\n",
      " [-19.3 -19.2 -17.4 -13.5]\n",
      " [-21.2 -19.3 -13.5   0. ]]\n",
      "\n",
      "\n",
      "cur_value_table: [[  0.  -13.5 -19.3 -21.2]\n",
      " [-13.5 -17.4 -19.2 -19.3]\n",
      " [-19.3 -19.2 -17.4 -13.5]\n",
      " [-21.2 -19.3 -13.5   0. ]]\n",
      "next_value_talbe: [[  0.  -13.6 -19.3 -21.2]\n",
      " [-13.6 -17.4 -19.4 -19.3]\n",
      " [-19.3 -19.4 -17.4 -13.6]\n",
      " [-21.2 -19.3 -13.6   0. ]]\n",
      "\n",
      "\n",
      "cur_value_table: [[  0.  -13.6 -19.3 -21.2]\n",
      " [-13.6 -17.4 -19.4 -19.3]\n",
      " [-19.3 -19.4 -17.4 -13.6]\n",
      " [-21.2 -19.3 -13.6   0. ]]\n",
      "next_value_talbe: [[  0.  -13.6 -19.4 -21.2]\n",
      " [-13.6 -17.5 -19.4 -19.4]\n",
      " [-19.4 -19.4 -17.5 -13.6]\n",
      " [-21.2 -19.4 -13.6   0. ]]\n",
      "\n",
      "\n",
      "cur_value_table: [[  0.  -13.6 -19.4 -21.2]\n",
      " [-13.6 -17.5 -19.4 -19.4]\n",
      " [-19.4 -19.4 -17.5 -13.6]\n",
      " [-21.2 -19.4 -13.6   0. ]]\n",
      "next_value_talbe: [[  0.  -13.6 -19.4 -21.3]\n",
      " [-13.6 -17.5 -19.4 -19.4]\n",
      " [-19.4 -19.4 -17.5 -13.6]\n",
      " [-21.3 -19.4 -13.6   0. ]]\n",
      "\n",
      "\n",
      "cur_value_table: [[  0.  -13.6 -19.4 -21.3]\n",
      " [-13.6 -17.5 -19.4 -19.4]\n",
      " [-19.4 -19.4 -17.5 -13.6]\n",
      " [-21.3 -19.4 -13.6   0. ]]\n",
      "next_value_talbe: [[  0.  -13.6 -19.4 -21.4]\n",
      " [-13.6 -17.5 -19.4 -19.4]\n",
      " [-19.4 -19.4 -17.5 -13.6]\n",
      " [-21.4 -19.4 -13.6   0. ]]\n",
      "\n",
      "\n",
      "cur_value_table: [[  0.  -13.6 -19.4 -21.4]\n",
      " [-13.6 -17.5 -19.4 -19.4]\n",
      " [-19.4 -19.4 -17.5 -13.6]\n",
      " [-21.4 -19.4 -13.6   0. ]]\n",
      "next_value_talbe: [[  0.  -13.6 -19.4 -21.4]\n",
      " [-13.6 -17.5 -19.4 -19.4]\n",
      " [-19.4 -19.4 -17.5 -13.6]\n",
      " [-21.4 -19.4 -13.6   0. ]]\n",
      "\n",
      "\n",
      "cur_value_table: [[  0.  -13.6 -19.4 -21.4]\n",
      " [-13.6 -17.5 -19.4 -19.4]\n",
      " [-19.4 -19.4 -17.5 -13.6]\n",
      " [-21.4 -19.4 -13.6   0. ]]\n",
      "next_value_talbe: [[  0.  -13.6 -19.4 -21.4]\n",
      " [-13.6 -17.5 -19.4 -19.4]\n",
      " [-19.4 -19.4 -17.5 -13.6]\n",
      " [-21.4 -19.4 -13.6   0. ]]\n",
      "\n",
      "\n",
      "cur_value_table: [[  0.  -13.6 -19.4 -21.4]\n",
      " [-13.6 -17.5 -19.4 -19.4]\n",
      " [-19.4 -19.4 -17.5 -13.6]\n",
      " [-21.4 -19.4 -13.6   0. ]]\n",
      "next_value_talbe: [[  0.  -13.6 -19.4 -21.4]\n",
      " [-13.6 -17.5 -19.4 -19.4]\n",
      " [-19.4 -19.4 -17.5 -13.6]\n",
      " [-21.4 -19.4 -13.6   0. ]]\n",
      "\n",
      "\n",
      "cur_value_table: [[  0.  -13.6 -19.4 -21.4]\n",
      " [-13.6 -17.5 -19.4 -19.4]\n",
      " [-19.4 -19.4 -17.5 -13.6]\n",
      " [-21.4 -19.4 -13.6   0. ]]\n",
      "next_value_talbe: [[  0.  -13.6 -19.4 -21.4]\n",
      " [-13.6 -17.5 -19.4 -19.4]\n",
      " [-19.4 -19.4 -17.5 -13.6]\n",
      " [-21.4 -19.4 -13.6   0. ]]\n",
      "\n",
      "\n",
      "cur_value_table: [[  0.  -13.6 -19.4 -21.4]\n",
      " [-13.6 -17.5 -19.4 -19.4]\n",
      " [-19.4 -19.4 -17.5 -13.6]\n",
      " [-21.4 -19.4 -13.6   0. ]]\n",
      "next_value_talbe: [[  0.  -13.6 -19.4 -21.4]\n",
      " [-13.6 -17.5 -19.4 -19.4]\n",
      " [-19.4 -19.4 -17.5 -13.6]\n",
      " [-21.4 -19.4 -13.6   0. ]]\n",
      "\n",
      "Iteration: 70 \n",
      "[[  0.  -13.6 -19.4 -21.4]\n",
      " [-13.6 -17.5 -19.4 -19.4]\n",
      " [-19.4 -19.4 -17.5 -13.6]\n",
      " [-21.4 -19.4 -13.6   0. ]]\n",
      "\n",
      "\n",
      "cur_value_table: [[  0.  -13.6 -19.4 -21.4]\n",
      " [-13.6 -17.5 -19.4 -19.4]\n",
      " [-19.4 -19.4 -17.5 -13.6]\n",
      " [-21.4 -19.4 -13.6   0. ]]\n",
      "next_value_talbe: [[  0.  -13.6 -19.4 -21.4]\n",
      " [-13.6 -17.5 -19.4 -19.4]\n",
      " [-19.4 -19.4 -17.5 -13.6]\n",
      " [-21.4 -19.4 -13.6   0. ]]\n",
      "\n",
      "\n",
      "cur_value_table: [[  0.  -13.6 -19.4 -21.4]\n",
      " [-13.6 -17.5 -19.4 -19.4]\n",
      " [-19.4 -19.4 -17.5 -13.6]\n",
      " [-21.4 -19.4 -13.6   0. ]]\n",
      "next_value_talbe: [[  0.  -13.6 -19.4 -21.4]\n",
      " [-13.6 -17.5 -19.4 -19.4]\n",
      " [-19.4 -19.4 -17.5 -13.6]\n",
      " [-21.4 -19.4 -13.6   0. ]]\n",
      "\n",
      "\n",
      "cur_value_table: [[  0.  -13.6 -19.4 -21.4]\n",
      " [-13.6 -17.5 -19.4 -19.4]\n",
      " [-19.4 -19.4 -17.5 -13.6]\n",
      " [-21.4 -19.4 -13.6   0. ]]\n",
      "next_value_talbe: [[  0.  -13.6 -19.4 -21.4]\n",
      " [-13.6 -17.5 -19.4 -19.4]\n",
      " [-19.4 -19.4 -17.5 -13.6]\n",
      " [-21.4 -19.4 -13.6   0. ]]\n",
      "\n",
      "\n",
      "cur_value_table: [[  0.  -13.6 -19.4 -21.4]\n",
      " [-13.6 -17.5 -19.4 -19.4]\n",
      " [-19.4 -19.4 -17.5 -13.6]\n",
      " [-21.4 -19.4 -13.6   0. ]]\n",
      "next_value_talbe: [[  0.  -13.6 -19.4 -21.4]\n",
      " [-13.6 -17.5 -19.4 -19.4]\n",
      " [-19.4 -19.4 -17.5 -13.6]\n",
      " [-21.4 -19.4 -13.6   0. ]]\n",
      "\n",
      "\n",
      "cur_value_table: [[  0.  -13.6 -19.4 -21.4]\n",
      " [-13.6 -17.5 -19.4 -19.4]\n",
      " [-19.4 -19.4 -17.5 -13.6]\n",
      " [-21.4 -19.4 -13.6   0. ]]\n",
      "next_value_talbe: [[  0.  -13.6 -19.4 -21.4]\n",
      " [-13.6 -17.5 -19.4 -19.4]\n",
      " [-19.4 -19.4 -17.5 -13.6]\n",
      " [-21.4 -19.4 -13.6   0. ]]\n",
      "\n",
      "\n",
      "cur_value_table: [[  0.  -13.6 -19.4 -21.4]\n",
      " [-13.6 -17.5 -19.4 -19.4]\n",
      " [-19.4 -19.4 -17.5 -13.6]\n",
      " [-21.4 -19.4 -13.6   0. ]]\n",
      "next_value_talbe: [[  0.  -13.6 -19.4 -21.4]\n",
      " [-13.6 -17.5 -19.4 -19.4]\n",
      " [-19.4 -19.4 -17.5 -13.6]\n",
      " [-21.4 -19.4 -13.6   0. ]]\n",
      "\n",
      "\n",
      "cur_value_table: [[  0.  -13.6 -19.4 -21.4]\n",
      " [-13.6 -17.5 -19.4 -19.4]\n",
      " [-19.4 -19.4 -17.5 -13.6]\n",
      " [-21.4 -19.4 -13.6   0. ]]\n",
      "next_value_talbe: [[  0.  -13.6 -19.4 -21.4]\n",
      " [-13.6 -17.5 -19.4 -19.4]\n",
      " [-19.4 -19.4 -17.5 -13.6]\n",
      " [-21.4 -19.4 -13.6   0. ]]\n",
      "\n",
      "\n",
      "cur_value_table: [[  0.  -13.6 -19.4 -21.4]\n",
      " [-13.6 -17.5 -19.4 -19.4]\n",
      " [-19.4 -19.4 -17.5 -13.6]\n",
      " [-21.4 -19.4 -13.6   0. ]]\n",
      "next_value_talbe: [[  0.  -13.6 -19.4 -21.4]\n",
      " [-13.6 -17.5 -19.4 -19.4]\n",
      " [-19.4 -19.4 -17.5 -13.6]\n",
      " [-21.4 -19.4 -13.6   0. ]]\n",
      "\n",
      "\n",
      "cur_value_table: [[  0.  -13.6 -19.4 -21.4]\n",
      " [-13.6 -17.5 -19.4 -19.4]\n",
      " [-19.4 -19.4 -17.5 -13.6]\n",
      " [-21.4 -19.4 -13.6   0. ]]\n",
      "next_value_talbe: [[  0.  -13.6 -19.4 -21.4]\n",
      " [-13.6 -17.5 -19.4 -19.4]\n",
      " [-19.4 -19.4 -17.5 -13.6]\n",
      " [-21.4 -19.4 -13.6   0. ]]\n",
      "\n",
      "\n",
      "cur_value_table: [[  0.  -13.6 -19.4 -21.4]\n",
      " [-13.6 -17.5 -19.4 -19.4]\n",
      " [-19.4 -19.4 -17.5 -13.6]\n",
      " [-21.4 -19.4 -13.6   0. ]]\n",
      "next_value_talbe: [[  0.  -13.6 -19.4 -21.4]\n",
      " [-13.6 -17.5 -19.4 -19.4]\n",
      " [-19.4 -19.4 -17.5 -13.6]\n",
      " [-21.4 -19.4 -13.6   0. ]]\n",
      "\n",
      "Iteration: 80 \n",
      "[[  0.  -13.6 -19.4 -21.4]\n",
      " [-13.6 -17.5 -19.4 -19.4]\n",
      " [-19.4 -19.4 -17.5 -13.6]\n",
      " [-21.4 -19.4 -13.6   0. ]]\n",
      "\n",
      "\n",
      "cur_value_table: [[  0.  -13.6 -19.4 -21.4]\n",
      " [-13.6 -17.5 -19.4 -19.4]\n",
      " [-19.4 -19.4 -17.5 -13.6]\n",
      " [-21.4 -19.4 -13.6   0. ]]\n",
      "next_value_talbe: [[  0.  -13.6 -19.4 -21.4]\n",
      " [-13.6 -17.5 -19.4 -19.4]\n",
      " [-19.4 -19.4 -17.5 -13.6]\n",
      " [-21.4 -19.4 -13.6   0. ]]\n",
      "\n",
      "\n",
      "cur_value_table: [[  0.  -13.6 -19.4 -21.4]\n",
      " [-13.6 -17.5 -19.4 -19.4]\n",
      " [-19.4 -19.4 -17.5 -13.6]\n",
      " [-21.4 -19.4 -13.6   0. ]]\n",
      "next_value_talbe: [[  0.  -13.6 -19.4 -21.4]\n",
      " [-13.6 -17.5 -19.4 -19.4]\n",
      " [-19.4 -19.4 -17.5 -13.6]\n",
      " [-21.4 -19.4 -13.6   0. ]]\n",
      "\n",
      "\n",
      "cur_value_table: [[  0.  -13.6 -19.4 -21.4]\n",
      " [-13.6 -17.5 -19.4 -19.4]\n",
      " [-19.4 -19.4 -17.5 -13.6]\n",
      " [-21.4 -19.4 -13.6   0. ]]\n",
      "next_value_talbe: [[  0.  -13.6 -19.4 -21.4]\n",
      " [-13.6 -17.5 -19.4 -19.4]\n",
      " [-19.4 -19.4 -17.5 -13.6]\n",
      " [-21.4 -19.4 -13.6   0. ]]\n",
      "\n",
      "\n",
      "cur_value_table: [[  0.  -13.6 -19.4 -21.4]\n",
      " [-13.6 -17.5 -19.4 -19.4]\n",
      " [-19.4 -19.4 -17.5 -13.6]\n",
      " [-21.4 -19.4 -13.6   0. ]]\n",
      "next_value_talbe: [[  0.  -13.6 -19.4 -21.4]\n",
      " [-13.6 -17.5 -19.4 -19.4]\n",
      " [-19.4 -19.4 -17.5 -13.6]\n",
      " [-21.4 -19.4 -13.6   0. ]]\n",
      "\n",
      "\n",
      "cur_value_table: [[  0.  -13.6 -19.4 -21.4]\n",
      " [-13.6 -17.5 -19.4 -19.4]\n",
      " [-19.4 -19.4 -17.5 -13.6]\n",
      " [-21.4 -19.4 -13.6   0. ]]\n",
      "next_value_talbe: [[  0.  -13.6 -19.4 -21.4]\n",
      " [-13.6 -17.5 -19.4 -19.4]\n",
      " [-19.4 -19.4 -17.5 -13.6]\n",
      " [-21.4 -19.4 -13.6   0. ]]\n",
      "\n",
      "\n",
      "cur_value_table: [[  0.  -13.6 -19.4 -21.4]\n",
      " [-13.6 -17.5 -19.4 -19.4]\n",
      " [-19.4 -19.4 -17.5 -13.6]\n",
      " [-21.4 -19.4 -13.6   0. ]]\n",
      "next_value_talbe: [[  0.  -13.6 -19.4 -21.4]\n",
      " [-13.6 -17.5 -19.4 -19.4]\n",
      " [-19.4 -19.4 -17.5 -13.6]\n",
      " [-21.4 -19.4 -13.6   0. ]]\n",
      "\n",
      "\n",
      "cur_value_table: [[  0.  -13.6 -19.4 -21.4]\n",
      " [-13.6 -17.5 -19.4 -19.4]\n",
      " [-19.4 -19.4 -17.5 -13.6]\n",
      " [-21.4 -19.4 -13.6   0. ]]\n",
      "next_value_talbe: [[  0.  -13.6 -19.4 -21.4]\n",
      " [-13.6 -17.5 -19.4 -19.4]\n",
      " [-19.4 -19.4 -17.5 -13.6]\n",
      " [-21.4 -19.4 -13.6   0. ]]\n",
      "\n",
      "\n",
      "cur_value_table: [[  0.  -13.6 -19.4 -21.4]\n",
      " [-13.6 -17.5 -19.4 -19.4]\n",
      " [-19.4 -19.4 -17.5 -13.6]\n",
      " [-21.4 -19.4 -13.6   0. ]]\n",
      "next_value_talbe: [[  0.  -13.6 -19.4 -21.4]\n",
      " [-13.6 -17.5 -19.4 -19.4]\n",
      " [-19.4 -19.4 -17.5 -13.6]\n",
      " [-21.4 -19.4 -13.6   0. ]]\n",
      "\n",
      "\n",
      "cur_value_table: [[  0.  -13.6 -19.4 -21.4]\n",
      " [-13.6 -17.5 -19.4 -19.4]\n",
      " [-19.4 -19.4 -17.5 -13.6]\n",
      " [-21.4 -19.4 -13.6   0. ]]\n",
      "next_value_talbe: [[  0.  -13.6 -19.4 -21.4]\n",
      " [-13.6 -17.5 -19.4 -19.4]\n",
      " [-19.4 -19.4 -17.5 -13.6]\n",
      " [-21.4 -19.4 -13.6   0. ]]\n",
      "\n",
      "\n",
      "cur_value_table: [[  0.  -13.6 -19.4 -21.4]\n",
      " [-13.6 -17.5 -19.4 -19.4]\n",
      " [-19.4 -19.4 -17.5 -13.6]\n",
      " [-21.4 -19.4 -13.6   0. ]]\n",
      "next_value_talbe: [[  0.  -13.6 -19.4 -21.4]\n",
      " [-13.6 -17.5 -19.4 -19.4]\n",
      " [-19.4 -19.4 -17.5 -13.6]\n",
      " [-21.4 -19.4 -13.6   0. ]]\n",
      "\n",
      "Iteration: 90 \n",
      "[[  0.  -13.6 -19.4 -21.4]\n",
      " [-13.6 -17.5 -19.4 -19.4]\n",
      " [-19.4 -19.4 -17.5 -13.6]\n",
      " [-21.4 -19.4 -13.6   0. ]]\n",
      "\n",
      "\n",
      "cur_value_table: [[  0.  -13.6 -19.4 -21.4]\n",
      " [-13.6 -17.5 -19.4 -19.4]\n",
      " [-19.4 -19.4 -17.5 -13.6]\n",
      " [-21.4 -19.4 -13.6   0. ]]\n",
      "next_value_talbe: [[  0.  -13.6 -19.4 -21.4]\n",
      " [-13.6 -17.5 -19.4 -19.4]\n",
      " [-19.4 -19.4 -17.5 -13.6]\n",
      " [-21.4 -19.4 -13.6   0. ]]\n",
      "\n",
      "\n",
      "cur_value_table: [[  0.  -13.6 -19.4 -21.4]\n",
      " [-13.6 -17.5 -19.4 -19.4]\n",
      " [-19.4 -19.4 -17.5 -13.6]\n",
      " [-21.4 -19.4 -13.6   0. ]]\n",
      "next_value_talbe: [[  0.  -13.6 -19.4 -21.4]\n",
      " [-13.6 -17.5 -19.4 -19.4]\n",
      " [-19.4 -19.4 -17.5 -13.6]\n",
      " [-21.4 -19.4 -13.6   0. ]]\n",
      "\n",
      "\n",
      "cur_value_table: [[  0.  -13.6 -19.4 -21.4]\n",
      " [-13.6 -17.5 -19.4 -19.4]\n",
      " [-19.4 -19.4 -17.5 -13.6]\n",
      " [-21.4 -19.4 -13.6   0. ]]\n",
      "next_value_talbe: [[  0.  -13.6 -19.4 -21.4]\n",
      " [-13.6 -17.5 -19.4 -19.4]\n",
      " [-19.4 -19.4 -17.5 -13.6]\n",
      " [-21.4 -19.4 -13.6   0. ]]\n",
      "\n",
      "\n",
      "cur_value_table: [[  0.  -13.6 -19.4 -21.4]\n",
      " [-13.6 -17.5 -19.4 -19.4]\n",
      " [-19.4 -19.4 -17.5 -13.6]\n",
      " [-21.4 -19.4 -13.6   0. ]]\n",
      "next_value_talbe: [[  0.  -13.6 -19.4 -21.4]\n",
      " [-13.6 -17.5 -19.4 -19.4]\n",
      " [-19.4 -19.4 -17.5 -13.6]\n",
      " [-21.4 -19.4 -13.6   0. ]]\n",
      "\n",
      "\n",
      "cur_value_table: [[  0.  -13.6 -19.4 -21.4]\n",
      " [-13.6 -17.5 -19.4 -19.4]\n",
      " [-19.4 -19.4 -17.5 -13.6]\n",
      " [-21.4 -19.4 -13.6   0. ]]\n",
      "next_value_talbe: [[  0.  -13.6 -19.4 -21.4]\n",
      " [-13.6 -17.5 -19.4 -19.4]\n",
